"Q5_1"	"Q5_2"	"Q5_3"	"Q5_4"	"Q5_5"	"Q5_6"	"Q6box_1"	"Q6box_2"	"Q6box_3"	"Q6box_4"	"Q6_score"	"Q10_1"	"Q10_2"	"Q10_3"	"Q10_4"	"Q35_ERP"	"Q40_TAA"	"Q36_ITcount"	"Q37_ITassist"	"Q38_Taxcount"	"Q39_TAAexpert"	"Q22_box1"	"Q22_box2"	"Q22_box3"	"Q22_box4"	"Q22_box5"	"Q22_box6"	"Q22_box7"	"Q22_box8"	"Q22_box9"	"Q22_box10"	"Q23_1"	"Q23_2"	"Q26"	"Q24_box1"	"Q24_box2"	"Q24_box3"	"Q24_box4"	"Q27"	"Q29"	"Q41"	"Q30_1"	"Q30_2"	"Q30_3"	"Q30_4"	"Q31_1"	"Q31_2"	"Q31_3"	"Q32_1"	"Q32_2"	"Q32_3"	"Q32_4"	"Q42"	"Q45"	"Q43"	"Q44"	"init_composite"	"rout_composite"	"integrate_composite"	"manag_composite"	"comp_composite"	"gov_composite"
"1"	6	6	6	6	6	6	NA	NA	NA	4	NA	2	2	1	1	1	0	3	1	23	1	1	NA	3	4	NA	NA	NA	NA	NA	NA	4	4	6	NA	NA	NA	4	2	1	1	5	4	4	NA	3	5	1	2	6	3	6	1	30	"CFO"	""	-1.54135552628821	-0.936769424198182	2.37869143448253	-0.864009511699149	-0.0580529671344864	-0.196564902730659
"2"	1	5	5	5	5	5	1	NA	NA	4	2	3	3	1	1	1	1	2	0	23	2.5	1	2	NA	4	NA	NA	NA	NA	NA	NA	3	3	6	NA	NA	NA	4	2	1	1	1	1	3	NA	5	1	5	1	1	1	1	1	15	"CFO"	"Vice President, Corporate Tax"	0.0756069943504167	-0.923504712080757	-0.182119052040334	2.75943724533619	0.961745703704418	-2.9542482363538
"3"	4	4	4	5	5	5	NA	2	NA	4	3	3	3	3	3	1	1	3	3	40	10	1	2	3	4	5	NA	7	NA	NA	NA	3	3	6	NA	2	3	4	3	4	3	3	2	2	NA	3	4	3	4	4	5	5	4	0.33	"CFO"	"EVP of Tax"	0.578462504106474	0.0819072265308103	-0.182119052040334	0.0495203496472418	-0.941383096526445	1.63342053467954
"4"	5	5	4	5	4	5	1	2	NA	NA	3	3	3	2	2	1	1	3	0	12	2	1	NA	NA	NA	5	6	NA	NA	NA	NA	1	1	6	NA	2	3	4	3	6	6	4	2	4	NA	4	4	4	4	4	3	3	3	1	"CFO"	"SVP, Global Taxes"	0.646236314866027	-0.0380241485675266	-0.757555736513889	-0.480496877727915	-0.94138226730138	0.752751250422165
"5"	5	2	3	5	5	5	1	NA	NA	4	2	3	3	1	1	1	1	NA	1	100	2	1	2	3	NA	5	NA	NA	NA	NA	10	2	1	6	NA	2	3	4	3	6	NA	4	3	5	NA	1	4	4	5	5	5	5	4	2	"CFO"	"VP-Tax and Real Estate"	0.325504466586478	-0.923504712080757	-0.757555861872187	-0.480495218338128	-0.941381481155177	1.63341905175798
"6"	4	1	3	5	5	5	1	NA	3	NA	3	3	3	1	1	1	1	3	1	200	40	1	2	3	NA	5	NA	NA	NA	NA	NA	3	2	6	NA	2	3	4	3	4	4	3	3	4	4	3	3	3	3	2	3	1	3	0.92	"CFO"	"N/A"	0.251212546987862	-0.923504712080757	-0.537219040556288	-0.168882258217103	-0.941383156296467	-1.13853876219125
"7"	3	1	5	5	5	5	NA	NA	NA	NA	2	5	4	3	3	1	1	0	2	55	2	1	NA	3	NA	NA	NA	7	NA	NA	NA	4	4	6	NA	NA	NA	4	3	3	1	1	1	1	5	5	5	5	3	1	1	3	4	13	"CFO"	"Executive VP and General Tax Counsel"	0.185433730955498	1.27263266985307	2.37869143448253	4.16091476878344	1.84507465883519	-1.42981345094554
"8"	3	4	4	5	5	5	1	NA	NA	NA	NA	3	3	1	1	0	0	2	1	19	1	1	NA	NA	NA	NA	NA	NA	NA	NA	NA	2	1	6	NA	NA	NA	4	2	2	2	4	5	3	NA	1	4	4	4	4	5	4	3	1.25	"CFO"	"(my position)"	0.512683353456136	-0.923504712080757	-0.757555861872187	-0.545224688900394	-0.941381481155177	1.56253964986927
"9"	3	4	4	4	3	5	1	2	NA	NA	1	3	3	1	1	0	0	2	1	15	4	1	NA	NA	NA	NA	NA	7	NA	NA	NA	3	1	6	NA	2	3	4	3	2	2	4	3	5	NA	2	5	5	5	5	5	3	3	7	"CFO"	"VP of Tax"	0.270999320975084	-0.923504712080757	-0.537219040556288	-0.480495218338128	0.877686624672763	1.20186539161032
"10"	4	3	4	4	5	5	1	NA	NA	NA	2	3	3	2	2	1	0	3	3	45	3	1	2	NA	NA	5	NA	7	NA	NA	NA	2	2	6	NA	NA	NA	4	3	6	NA	3	3	3	NA	3	3	3	5	3	3	6	3	2.5	"CFO"	"SVP, Tax"	0.448541076721957	-0.0380241485675266	-0.757555861872187	0.049522074553823	-0.941383156296467	0.454635042767681
"11"	3	1	2	3	4	5	1	NA	NA	NA	1	4	4	2	2	1	0	0	3	30	14	1	2	3	NA	NA	NA	NA	NA	NA	NA	3	1	6	NA	2	3	4	3	6	6	3	3	3	NA	1	5	5	4	4	4	6	1	10	"CFO"	""	-0.40380702867452	0.475857752389177	-0.537219040556288	0.049522074553823	0.877686736979363	0.838583292248096
"12"	5	3	3	5	4	5	1	NA	NA	NA	1	4	3	3	3	NA	1	3	1	40	3	1	NA	NA	NA	NA	NA	NA	NA	NA	NA	3	3	6	NA	NA	NA	4	3	6	6	3	4	4	4	2	3	3	4	4	4	4	3	16	"CFO"	"VP Tax"	0.516314038560759	0.373879093877603	-0.182119052040334	-0.552396885569178	-0.941383605522868	1.14542920366257
"13"	5	4	3	5	5	5	1	NA	NA	NA	1	1	3	1	1	1	0	3	1	12	1	1	2	3	NA	NA	6	NA	NA	NA	NA	3	1	6	NA	NA	NA	4	2	2	6	5	5	2	NA	5	5	5	5	5	5	1	1	3	"CAO"	""	0.652754406202225	-1.17466439153011	-0.537219040556288	-0.545224420426134	1.84507465883519	0.612290973276647
"14"	4	4	3	5	4	5	1	NA	NA	4	1	5	5	3	4	1	0	2	0	9	2	1	NA	3	NA	NA	NA	NA	NA	NA	NA	3	1	6	NA	2	3	4	2	2	2	3	3	3	NA	4	4	4	2	1	4	3	3	6	"Chief Financial Officer"	"Vice President of Global Tax"	0.571942968973128	2.0790835718765	-0.537219040556288	0.049522074553823	-0.94138226730138	-0.762689947924486
"15"	3	4	3	5	5	5	NA	NA	NA	4	3	5	5	5	5	1	1	2	1	13	8	1	2	3	4	5	6	NA	NA	NA	10	5	4	6	1	2	3	4	3	3	3	1	1	3	4	2	5	2	4	3	5	3	3	20	"CFO"	"VP Tax"	0.512682758579739	4.1296389593982	3.56296652532406	2.85981774570263	-0.0580523317547383	0.849924087813186
"16"	3	3	3	4	2	5	1	NA	NA	NA	1	3	3	2	2	1	0	2	1	6	2	1	NA	3	NA	NA	NA	NA	NA	NA	NA	2	3	5	1	2	3	4	3	3	3	5	5	2	NA	5	5	5	6	3	3	6	3	12	"Treasury"	"I am the head of the tax department"	-0.0208579309537201	-0.0380241485675266	-0.402455873356234	-0.545224420426134	1.84507465883519	0.0306501183857597
"17"	5	4	4	5	5	5	1	NA	NA	NA	1	2	3	6	6	1	0	2	1	23	1	1	NA	NA	NA	NA	NA	NA	NA	NA	NA	1	1	6	NA	2	3	4	2	NA	NA	4	4	2	NA	3	5	5	3	3	2	6	3	3	"CFO"	"Sr. VP Corporate Tax"	0.652755001078622	0.234394140503914	-0.757555736513889	-0.54522536396109	0.877687073899164	-0.408056889063718
"18"	5	2	3	5	4	5	1	2	NA	NA	1	2	2	2	2	1	1	3	1	20	1	1	2	3	4	5	NA	7	NA	NA	NA	2	1	6	NA	NA	NA	4	3	6	6	5	5	5	NA	2	5	5	2	1	1	6	4	2	"Treasury"	"VP, Tax Administration"	0.318985526329529	-0.0512888606849513	-0.757555861872187	-0.864008902155247	0.877686624672763	-1.46229614559066
"19"	2	3	5	5	1	2	1	2	NA	NA	2	4	4	3	2	1	0	3	2	3	3	1	NA	3	4	NA	NA	NA	NA	NA	NA	4	4	5	NA	NA	3	NA	1	1	1	2	3	3	NA	1	5	1	3	2	2	2	3	6	"CFO"	"N/A"	-2.4642039891503	0.595789152979797	2.37869143448253	0.106787838190806	-0.0580533040542876	-1.05302781749421
"20"	5	5	2	4	4	5	1	NA	3	NA	2	3	1	1	1	1	0	3	0	18	1	1	NA	NA	NA	NA	NA	7	NA	NA	NA	3	1	6	NA	NA	3	NA	1	1	3	5	4	5	5	2	5	3	6	1	4	6	3	19	"Vice President of Finance (Not the CFO)"	"I am head of Tax - Corporate Tax Director"	0.270682887184991	-1.1614091641652	-0.537219040556288	-0.709025185093813	-0.0580545009670377	-0.567728187145046
"21"	2	2	2	1	1	1	1	NA	NA	NA	2	4	4	1	1	1	1	0	1	27	3	1	2	NA	NA	5	NA	7	8	NA	NA	3	2	6	1	NA	NA	NA	1	1	1	4	5	3	NA	2	5	2	2	2	2	6	3	3	"CFO"	"Senior VP of Tax"	-5.4287102743722	-0.409622811124053	-0.537219040556288	-0.545224688900394	-0.0580523317547383	-0.965328707663716
"22"	1	1	3	5	5	5	1	NA	NA	NA	1	3	3	1	1	0	0	NA	NA	2	0	1	NA	NA	NA	NA	NA	NA	NA	NA	NA	1	1	NA	NA	NA	3	NA	2	NA	NA	1	3	1	NA	5	5	2	3	3	3	6	3	2	"CFO"	""	-0.251642956554125	-0.923504712080757	-0.757555736513889	2.45945651766477	0.909335702407694	-0.024175219902702
"23"	3	5	4	5	3	5	NA	NA	NA	NA	1	5	5	2	2	1	1	2	2	30	5	1	2	NA	NA	5	NA	NA	NA	NA	NA	3	3	6	NA	NA	3	4	2	2	1	5	3	1	5	3	5	2	5	4	3	4	4	3	"CFO"	"VP of Tax"	0.270999575019438	1.92260429931347	-0.182119052040334	1.23976747223754	-0.0580518825283367	1.11342374090084
"24"	5	5	4	4	5	5	1	NA	NA	NA	NA	1	1	1	1	1	0	3	0	10	0	1	NA	NA	NA	NA	NA	NA	NA	NA	NA	1	1	5	NA	NA	3	NA	1	1	1	3	3	5	5	5	4	1	1	1	1	1	3	5	"Chief Accounting Officer"	"Senior Director, Tax"	0.652755255122976	-1.41256884361455	-0.757555736513889	-0.114278431978209	0.0260055730157352	-2.9542482363538
"25"	5	5	5	5	4	4	1	2	NA	4	1	3	3	1	1	1	0	3	1	23	0	1	NA	3	4	NA	NA	NA	NA	NA	NA	2	2	6	NA	NA	NA	4	2	1	1	4	4	5	6	2	3	3	5	3	3	2	1	6	"CFO"	"Senior Vice President, Director of Tax"	0.646236193763119	-0.923504712080757	-0.757555861872187	-0.864009845690203	-0.941383605522868	0.280626374369143
"26"	3	5	3	6	6	6	1	2	3	NA	3	4	4	2	2	1	0	3	2	19	4	1	NA	3	4	5	6	7	NA	NA	NA	3	3	6	NA	2	3	NA	1	1	2	3	3	5	5	2	3	3	4	3	2	2	1	8	"Sr VP Finance "	""	-1.00251322128656	0.475857752389177	-0.182119052040334	-0.114278431978209	-0.941383605522868	-0.103255009933145
"27"	4	5	3	5	5	5	NA	NA	NA	NA	3	4	4	3	3	1	0	0	0	40	8	1	2	NA	NA	NA	NA	7	8	NA	NA	3	1	NA	NA	NA	NA	4	3	3	NA	1	3	3	NA	1	1	1	6	6	6	6	3	2	"CFO"	"VP of Tax"	0.57846216327443	0.595789127487514	-0.537219040556288	1.21296317787713	-0.941382259185064	-0.218107546222885
"28"	3	2	5	5	3	5	NA	2	NA	NA	NA	2	3	1	1	NA	NA	0	0	30	2	1	NA	NA	NA	NA	NA	NA	NA	NA	NA	2	2	6	NA	NA	3	NA	2	NA	NA	4	5	5	NA	5	5	3	6	6	6	6	3	1.5	"Controller and Chief Accounting Officer"	"Chief Tax Officer"	-0.0562508788990857	-0.923504675939295	-0.757555861872187	-0.864009379092031	0.909333533195394	-0.218107546222885
"29"	1	1	1	1	3	3	1	NA	NA	NA	1	1	1	1	1	0	0	3	0	6	5	1	NA	NA	NA	NA	NA	NA	NA	NA	NA	1	1	5	NA	2	3	4	3	6	4	1	1	3	NA	3	3	3	3	3	3	3	3	5	"CFO"	"VP of Tax"	-3.47292609947225	-1.41256884361455	-0.757555736513889	2.75943724533619	-0.941383156296467	-0.0780020838256319
"30"	1	3	2	4	4	5	1	NA	NA	4	1	2	3	1	1	NA	1	NA	NA	21	4	1	NA	3	NA	5	NA	NA	NA	NA	NA	3	3	6	NA	2	3	4	2	NA	NA	4	2	3	NA	6	4	1	5	4	3	6	3	2	"SVP Controller & CAO"	"VP, Corporate Tax"	-0.436386794758015	-0.923504675939295	-0.182119052040334	-0.161712044590547	-0.780151615800722	0.806577829486366
"31"	2	4	2	5	5	5	1	2	NA	NA	3	4	3	2	2	1	1	3	1	40	10	1	2	3	NA	5	NA	7	NA	NA	NA	1	1	6	NA	NA	NA	4	3	5	NA	3	2	2	3	4	4	4	5	3	3	2	3	3	"CFO"	"SVP tax"	-0.299946637045703	0.253947718779266	-0.757555736513889	-0.306224834745247	-0.94138226730138	0.280626374369143
"32"	5	4	5	5	5	5	1	NA	3	NA	2	3	3	3	3	1	0	2	1	12	5	1	2	3	4	5	NA	NA	NA	NA	NA	4	3	4	NA	NA	NA	4	3	5	4	3	3	3	3	2	4	5	4	3	3	4	1	2	"CFO"	""	0.652754740820198	0.0819072265308103	0.949947749781374	-0.306223109838666	-0.00564242011304634	0.76148123904088
"33"	4	4	5	5	5	5	1	2	NA	NA	2	4	3	4	4	1	0	2	2	20	3	1	NA	3	NA	NA	6	7	NA	NA	NA	4	4	6	NA	2	3	4	3	4	4	4	4	2	NA	3	3	3	4	6	3	3	5	0.16	"CFO"	"VP, Head of Global Tax "	0.57846224384805	0.410426158521739	2.37869143448253	-0.54522536396109	-0.941383156296467	0.314728339443571
"34"	2	3	4	5	5	5	1	NA	NA	NA	2	4	3	4	4	1	0	2	1	12	6	1	NA	3	NA	NA	6	NA	NA	NA	NA	3	2	6	NA	2	3	4	3	4	NA	3	3	4	5	5	5	5	5	4	4	3	3	24	"EVP, Finance Controller"	""	-0.0543146367491842	0.410426158521739	-0.537219040556288	-0.11427857492394	1.84507465883519	0.784756143466438
"35"	5	5	5	5	5	5	1	2	NA	NA	1	3	3	3	3	1	0	3	0	50	5	1	2	NA	NA	NA	NA	7	NA	NA	NA	3	3	6	NA	2	3	4	3	6	6	3	3	5	5	5	5	5	3	3	5	5	1	9	"CFO"	"it is my position"	0.652754994864552	0.0819072265308103	-0.182119052040334	-0.114278431978209	1.84507465883519	0.80266720043174
"36"	3	5	3	5	4	5	NA	NA	NA	NA	2	3	3	1	1	NA	1	3	0	85	5	1	2	3	4	5	NA	7	NA	NA	NA	3	6	6	NA	2	3	4	3	3	NA	2	5	2	5	1	5	5	5	5	5	6	3	1	"CFO"	"Vice President Taxes"	0.506164072367144	-0.923504712080757	0.324967844522841	-0.121742347366017	0.877686736979363	1.25569225553325
"37"	2	4	5	6	2	6	1	2	NA	NA	NA	2	2	1	1	NA	0	3	0	22	0	1	NA	3	NA	NA	NA	NA	NA	NA	NA	3	1	5	NA	NA	NA	NA	2	2	2	5	5	5	NA	5	5	5	2	1	2	3	3	1.5	"CFO"	"Chief Tax Officer"	-1.46370675268606	-0.936769424198182	-0.537219040556288	-0.864008902155247	1.84507465883519	-1.1785767949885
"38"	3	5	6	5	6	6	1	2	NA	NA	2	4	4	2	2	1	0	3	0	19	19	1	2	NA	NA	NA	NA	NA	NA	NA	NA	1	2	6	NA	2	3	NA	1	1	1	4	5	2	5	5	5	1	4	4	5	2	1	3	"Treasurer"	""	-0.68297532635	0.475857752389177	-0.757555736513888	-0.390240713703314	0.909334617801544	1.08168507005626
"39"	5	5	4	5	5	5	1	2	NA	4	2	4	3	3	4	1	0	2	2	4	2	1	2	NA	NA	NA	NA	7	NA	NA	NA	4	3	6	NA	NA	NA	4	3	5	5	4	4	4	NA	5	5	5	5	5	1	1	1	3	"Sr VP Treasurer "	"VP Tax"	0.652755255122976	0.410426991342299	0.949947749781374	-0.864009988635933	1.84507465883519	-0.55825253451916
"40"	5	4	4	5	5	5	1	NA	NA	NA	3	4	4	3	3	1	0	2	1	15	3.5	1	2	NA	NA	5	NA	7	NA	NA	NA	3	2	6	NA	NA	NA	4	3	3	3	3	3	3	NA	3	5	5	3	2	2	2	2	19	"CFO"	""	0.652755001078622	0.595789127487514	-0.537219040556288	0.049522074553823	0.877687073899164	-1.05302781749421
"41"	4	3	1	5	4	5	1	NA	3	NA	1	5	5	2	2	1	0	2	1	11	3	1	NA	NA	NA	NA	NA	NA	NA	NA	NA	1	6	5	NA	2	3	4	2	2	2	3	3	4	NA	5	5	2	5	2	1	6	1	4	"CFO"	""	-0.0185781361617612	1.92260429931347	0.104631148565241	-0.269262758583545	0.909335702407694	-0.737755100950368
"42"	3	2	1	5	5	6	NA	NA	NA	NA	2	4	1	1	4	1	0	2	1	14	0	1	2	3	NA	NA	NA	7	NA	NA	NA	1	6	4	NA	NA	3	NA	1	1	1	5	3	3	NA	2	4	3	4	3	2	1	1	10	"CAO"	""	-0.889372447888424	-0.36852372293613	0.104631148565241	-0.161710051209706	-0.941383545752847	-0.572647623791209
"43"	4	4	5	5	3	4	1	2	NA	NA	NA	3	3	2	3	1	0	NA	0	17	0	1	NA	NA	NA	NA	NA	NA	NA	NA	NA	3	1	6	NA	2	3	4	3	6	NA	1	3	3	5	2	4	4	3	3	3	6	3	3	"CFO"	"Vice President, Tax"	0.336778350522514	-0.0380241740598091	-0.537219040556288	1.36794736153673	-0.941381593461777	-0.024175219902702
"44"	3	4	4	4	4	5	1	NA	NA	NA	2	4	4	3	3	1	1	3	1	30	3.5	1	2	NA	NA	5	NA	7	NA	NA	10	2	3	NA	NA	2	3	4	NA	NA	NA	4	2	3	NA	3	3	3	3	3	4	3	4	3	"CFO"	"Corporate Tax Director"	0.506164413199187	0.595789127487514	-0.402455873356234	-0.161712044590547	-0.941383156296467	-0.0459969059226301
"45"	5	4	4	4	5	5	1	2	NA	NA	1	3	3	3	3	1	0	3	0	6	0	1	NA	NA	NA	NA	NA	NA	NA	NA	NA	2	1	NA	NA	NA	NA	4	2	3	3	4	4	5	NA	3	5	3	4	4	3	2	1	1	"CAO"	""	0.652755001078622	0.0819072265308103	-0.757555861872187	-0.864009845690203	-0.0580540517406361	0.632569445946557
"46"	5	5	4	4	5	5	NA	NA	NA	NA	2	3	2	3	3	0	0	0	0	44	4	1	NA	NA	NA	NA	NA	NA	NA	NA	NA	3	1	6	NA	2	3	4	2	2	2	5	3	5	NA	5	5	5	2	1	2	3	1	24	"CFO"	""	0.652755255122976	0.068642478271924	-0.537219040556288	-0.480494741401343	1.84507465883519	-1.1785767949885
"47"	5	5	4	5	5	5	1	NA	NA	NA	NA	2	3	2	2	1	0	1	1	6	3	1	NA	NA	NA	NA	NA	7	NA	NA	NA	3	2	5	NA	NA	NA	4	3	6	6	4	5	3	NA	2	2	2	2	2	3	3	5	2	"cfo"	"vp tax"	0.652755255122976	-0.0380241124260649	-0.537219040556288	-0.545224688900394	-0.941380539760242	-0.63527390242563
"48"	2	5	2	5	3	5	1	NA	NA	NA	1	3	3	1	1	1	0	3	1	7	0	1	2	NA	NA	5	NA	NA	NA	NA	NA	3	6	6	NA	2	3	4	2	1	NA	1	3	5	NA	1	5	3	4	1	3	2	3	4	"Controller"	"Tax Director"	-0.541630415482401	-0.923504712080757	0.324967844522841	0.894178487685489	-0.0580543886604373	-0.349756824205936
"49"	5	1	1	5	3	5	1	NA	NA	NA	1	4	4	1	2	1	0	3	1	33	1	1	NA	NA	NA	NA	NA	NA	NA	NA	NA	1	2	6	NA	NA	NA	4	3	6	NA	1	2	5	5	2	3	5	3	3	1	6	2	12	"Global CFO"	"N/A"	-0.376778666271413	0.0547428907858119	-0.757555736513888	1.04916115490104	-0.00564247988306794	-0.745603103588802
"50"	5	5	2	5	5	4	1	NA	NA	NA	1	3	4	2	3	1	0	0	0	11	5	1	2	NA	NA	5	NA	NA	NA	NA	NA	3	6	6	NA	NA	NA	4	3	4	NA	5	3	4	NA	4	4	4	2	5	2	5	3	2	"CFO"	"VP, Tax"	0.277201966597456	0.183885859550102	0.324967844522841	-0.480494884347074	-0.94138226730138	0.235301937248829
"51"	5	4	2	5	3	4	1	2	NA	NA	1	4	3	2	3	1	0	2	1	14	0	1	NA	3	NA	5	NA	7	NA	NA	NA	4	1	4	NA	NA	NA	4	2	2	4	4	3	5	NA	3	5	5	5	5	4	2	3	8	"CFO"	"My position (Executive Director, Global Tax)"	0.0355176800720504	0.253947693286983	0.59484776126542	-0.480495218338128	0.877687073899164	0.664573140928006
"52"	5	5	3	5	4	5	1	NA	NA	NA	2	4	4	1	1	0	1	1	0	14	1	1	2	3	NA	NA	NA	NA	NA	NA	NA	1	2	5	NA	NA	3	4	2	1	1	3	3	3	5	4	4	1	4	4	5	4	3	6	"CFO"	"SVP - Accounting &Tax (she has a Masters in Taxation)"	0.646235719989629	-0.409622811124053	-0.757555736513888	0.204506258213428	-0.941383134986299	1.56253964986927
"53"	4	2	3	5	3	5	1	NA	NA	NA	1	4	2	1	1	1	0	2	1	8	3	1	NA	3	NA	NA	NA	NA	NA	NA	NA	2	1	6	NA	2	3	4	3	6	6	4	4	3	NA	2	3	4	5	4	3	2	3	5.5	"Chief Accounting Officer"	"Global Tax Director"	0.00952793713327841	-0.644797592992851	-0.757555861872187	-0.545225155498566	-0.941381653231799	0.632569161087828
"54"	4	3	3	4	4	5	1	2	NA	NA	1	3	4	2	1	1	0	2	1	26	2	1	NA	NA	NA	NA	NA	7	NA	NA	NA	2	1	6	NA	NA	NA	4	2	2	2	2	3	5	NA	1	3	1	3	1	3	1	1	5	"CFO"	"N/A"	0.44202154158861	-0.280479816867481	-0.757555861872187	-0.211996852000831	-0.941382408610118	-1.29795998559311
"55"	5	3	3	5	5	5	1	NA	NA	NA	2	2	3	1	2	1	0	3	1	10	0	1	NA	NA	NA	NA	NA	7	NA	NA	NA	3	1	6	NA	NA	3	NA	2	1	6	5	4	5	NA	3	5	2	2	2	4	2	3	5	"CFO"	"Vice President of Finance"	0.522832978817707	-0.45913897402943	-0.537219040556288	-0.864009368753418	-0.0580518825283367	-0.723450528998236
"56"	5	1	5	5	5	5	1	2	NA	NA	1	4	5	3	5	1	0	3	1	9	1	1	NA	3	NA	NA	6	NA	NA	NA	NA	4	6	5	NA	2	3	4	3	6	NA	5	5	5	NA	5	5	5	5	5	5	5	3	13	"CFO"	"VP Global Tax"	0.325505378577983	2.32854976683642	1.45703464634455	-0.864008902155247	1.84507465883519	1.63341905175798
"57"	3	1	5	5	4	5	NA	NA	NA	NA	2	3	3	1	1	0	1	0	0	45	4	1	NA	NA	NA	5	6	7	NA	NA	NA	4	6	6	NA	2	3	4	3	5	NA	2	3	3	4	1	1	1	2	4	5	3	4	0.25	"CFO"	"Vice President of Taxes"	0.178914790698549	-0.923504712080757	1.45703464634455	0.207168338557248	-0.941382259185064	0.636746768434712
"58"	3	5	3	4	4	4	1	2	3	NA	NA	2	2	NA	NA	1	0	2	1	7	2	1	NA	3	NA	NA	NA	NA	NA	NA	NA	1	2	5	NA	NA	3	NA	2	1	2	4	2	4	5	2	5	2	1	2	2	2	1	8	"CFO"	"Vice President, Tax"	0.50616421152266	0.221129392245028	-0.757555736513888	-0.325512694068311	-0.0580523317547383	-1.98788818456879
"59"	3	3	4	5	5	5	1	2	NA	NA	3	4	4	2	2	1	0	3	1	10	2	1	2	3	NA	NA	NA	7	NA	NA	NA	3	3	6	NA	2	3	4	2	3	4	4	4	4	NA	3	3	3	3	4	4	4	1	7	"CFO"	""	0.382761926071619	0.475857752389177	-0.182119052040334	-0.864009988635933	-0.941383156296467	0.666618656133457
"60"	1	3	1	4	5	5	1	NA	NA	NA	2	3	3	1	1	1	1	2	0	14	5	1	2	3	NA	5	NA	7	NA	NA	NA	2	2	6	NA	2	3	4	3	5	NA	3	2	3	4	3	4	2	6	3	6	6	1	20.5	"Chief accounting Officer"	"Vice President, Tax"	-0.514914699446799	-0.923504712080757	-0.757555861872187	0.149901058476208	-0.941380927314146	-0.132027421962977
"61"	4	2	4	5	6	6	1	NA	NA	NA	1	4	4	1	1	1	0	2	1	7	1	1	NA	NA	NA	NA	NA	7	NA	NA	NA	3	4	NA	NA	2	3	4	2	3	2	4	4	5	NA	3	3	3	6	6	6	6	1	10	"CFO"	"VP"	-0.742495237607948	-0.409622811124053	1.24662463266082	-0.864009845690203	-0.941383156296467	-0.218107546222885
"62"	5	4	4	4	5	5	1	NA	NA	NA	1	4	4	3	2	0	0	3	1	18	1	1	2	NA	NA	NA	NA	NA	NA	NA	NA	2	2	6	NA	NA	NA	4	3	1	NA	4	3	2	NA	1	3	3	4	4	3	3	1	10	"CFO"	""	0.652755001078622	0.595789152979797	-0.757555861872187	-0.161710736609015	-0.941383493216268	0.752751250422165
"63"	2	2	2	4	5	4	NA	NA	NA	NA	1	3	3	1	1	1	0	0	0	65	0	1	2	NA	NA	NA	NA	NA	NA	NA	NA	4	6	1	NA	NA	NA	4	3	6	NA	NA	5	5	5	4	4	4	3	4	2	6	3	7	"CFO"	""	-0.627196437505933	-0.923504712080757	1.45703464634455	-0.390413380835778	-0.94138226730138	-0.0561141023450329
"64"	3	3	5	5	5	5	1	2	NA	NA	NA	NA	NA	NA	NA	NA	NA	NA	NA	NA	NA	NA	NA	NA	NA	NA	NA	NA	NA	NA	NA	NA	NA	NA	NA	NA	NA	NA	NA	NA	NA	NA	NA	NA	NA	NA	NA	NA	NA	NA	NA	NA	NA	NA	""	""	0.382761665813195	0.646527228537286	0.978212028282775	0.271245147969209	-0.476971552356933	-0.218107546222885
"65"	5	4	5	5	5	5	1	NA	NA	NA	2	5	5	3	2	NA	0	3	0	30	5	1	NA	3	NA	5	6	7	NA	NA	NA	4	6	6	NA	NA	NA	4	3	2	NA	3	5	5	5	3	5	5	5	5	5	6	3	15	"CFO"	"VP Tax"	0.652754740820198	2.04253569990409	1.45703464634455	-0.497792592732113	0.877687073899164	1.25569225553325
"66"	3	1	3	5	5	5	NA	NA	NA	NA	1	2	2	1	1	1	1	2	0	19	1	1	NA	NA	NA	NA	NA	7	NA	NA	NA	3	2	6	NA	2	3	4	3	4	4	4	4	3	5	5	5	4	3	3	6	6	1	6.3	"CFO"	"N/A"	0.185433396337524	-0.936769424198182	-0.537219040556288	-0.390240971838961	0.909335485486464	-0.186852760251439
"67"	4	5	5	5	5	5	1	NA	NA	NA	NA	NA	NA	NA	NA	NA	NA	NA	NA	NA	NA	NA	NA	NA	NA	NA	NA	NA	NA	NA	NA	NA	NA	NA	NA	NA	NA	NA	NA	NA	NA	NA	NA	NA	NA	NA	NA	NA	NA	NA	NA	NA	NA	NA	""	""	0.578462497892404	0.646527228537286	0.978212028282775	0.271245147969209	-0.476971552356933	-0.218107546222885
"68"	1	5	5	5	5	5	NA	NA	NA	NA	1	1	4	1	1	NA	NA	NA	NA	NA	NA	NA	NA	NA	NA	NA	NA	NA	NA	NA	NA	NA	NA	NA	NA	NA	NA	NA	NA	NA	NA	NA	NA	NA	NA	NA	NA	NA	NA	NA	NA	NA	NA	NA	""	""	0.0756069943504167	-0.952754357920199	0.978212028282775	0.271245147969209	-0.476971552356933	-0.218107546222885
